Vertex Count: 27

Data:

0.5 1 0.866025 0.458333 0.31156 1 0 -0
0.5 -1 0.866025 0.458333 0.6875 1 0 -0
0.5 -1 -0.866026 0.375 0.6875 1 0 -0
-1 1 0 0.541667 0.31156 -0.5 0 0.866025
-1 -1 0 0.541667 0.6875 -0.5 0 0.866025
0.5 -1 0.866025 0.458333 0.6875 -0.5 0 0.866025
0.5 1 -0.866026 0.625 0.31156 -0.5 0 -0.866025
0.5 -1 -0.866026 0.625 0.6875 -0.5 0 -0.866025
-1 -1 0 0.541667 0.6875 -0.5 0 -0.866025
0 -1 -0 0.5 0.85 0 -1 0
0.5 -1 -0.866026 0.421875 0.979066 0 -1 0
0.5 -1 0.866025 0.421875 0.708434 0 -1 0
0 -1 -0 0.5 0.85 0 -1 0
0.5 -1 0.866025 0.421875 0.708434 0 -1 0
-1 -1 0 0.65625 0.84375 0 -1 0
0 -1 -0 0.5 0.85 0 -1 0
-1 -1 0 0.65625 0.84375 0 -1 0
0.5 -1 -0.866026 0.421875 0.979066 0 -1 0
0 1 -0 0.5 0.1625 0 1 0
0.5 1 0.866025 0.421875 0.291566 0 1 0
0.5 1 -0.866026 0.421875 0.020934 0 1 0
0 1 -0 0.5 0.1625 0 1 0
-1 1 0 0.65625 0.15625 0 1 0
0.5 1 0.866025 0.421875 0.291566 0 1 0
0 1 -0 0.5 0.1625 0 1 0
0.5 1 -0.866026 0.421875 0.020934 0 1 0
-1 1 0 0.65625 0.15625 0 1 0
