Vertex Count: 18

Data:

-0.05 0.0 -0.05  0.0 1.0  0.0 0.0 -0.3
-0.05 3.0 -0.05  0.0 0.0  0.0 0.0 -0.3
 0.05 0.0 -0.05  1.0 1.0  0.0 0.0 -0.3
-0.05 3.0 -0.05  0.0 0.0  0.0 0.0 -0.3
 0.05 3.0 -0.05  1.0 0.0  0.0 0.0 -0.3
 0.05 0.0 -0.05  1.0 1.0  0.0 0.0 -0.3

 0.05 0.0 -0.05  0.0 1.0  0.2 0.0  0.1
 0.05 3.0 -0.05  0.0 0.0  0.2 0.0  0.1
 0.0 0.0  0.05  1.0 1.0  0.2 0.0  0.1
 0.05 3.0 -0.05  0.0 0.0  0.2 0.0  0.1
 0.0 3.0  0.05  1.0 0.0  0.2 0.0  0.1
 0.0 0.0  0.05  1.0 1.0  0.2 0.0  0.1

 0.0 0.0  0.05  0.0 1.0 -0.2 0.0  0.1
 0.0 3.0  0.05  0.0 0.0 -0.2 0.0  0.1
-0.05 0.0 -0.05  1.0 1.0 -0.2 0.0  0.1
 0.0 3.0  0.05  0.0 0.0 -0.2 0.0  0.1
-0.05 3.0 -0.05  1.0 0.0 -0.2 0.0  0.1
-0.05 0.0 -0.05  1.0 1.0 -0.2 0.0  0.1
	