Vertex Count: 258

Data:
-0.0171065 0 -0.0686103 0.0 0.0 0.154511 0 -0.25715
-0.0171065 3 -0.0686103 0.0 0.0 0.154511 0 -0.25715
0.0686103 0 -0.0171065 0.0 0.0 0.154511 0 -0.25715
-0.0171065 3 -0.0686103 0.0 0.0 0.154511 0 -0.25715
0.0686103 3 -0.0171065 0.0 0.0 0.154511 0 -0.25715
0.0686103 0 -0.0171065 0.0 0.0 0.154511 0 -0.25715
0.0686103 0 -0.0171065 0.0 0.0 0.11993 0 0.188724
0.0686103 3 -0.0171065 0.0 0.0 0.11993 0 0.188724
-0.0257519 0 0.0428584 0.0 0.0 0.11993 0 0.188724
0.0686103 3 -0.0171065 0.0 0.0 0.11993 0 0.188724
-0.0257519 3 0.0428584 0.0 0.0 0.11993 0 0.188724
-0.0257519 0 0.0428584 0.0 0.0 0.11993 0 0.188724
-0.0257519 0 0.0428584 0.0 0.0 -0.222937 0 -0.0172909
-0.0257519 3 0.0428584 0.0 0.0 -0.222937 0 -0.0172909
-0.0171065 0 -0.0686103 0.0 0.0 -0.222937 0 -0.0172909
-0.0257519 3 0.0428584 0.0 0.0 -0.222937 0 -0.0172909
-0.0171065 3 -0.0686103 0.0 0.0 -0.222937 0 -0.0172909
-0.0171065 0 -0.0686103 0.0 0.0 -0.222937 0 -0.0172909

0 3 0 0.0 0.0 -0.0827422 0.939693 -0.331861
-0.303282 3.27362 0.850385 0.0 0.0 -0.0827422 0.939693 -0.331861
0.667014 3.27362 0.608463 0.0 0.0 -0.0827422 0.939693 -0.331861
-0.303282 3.27362 0.850385 0.0 0.0 -0.0827422 0.939693 -0.331861
0.568331 3.85505 2.27945 0.0 0.0 -0.0827422 0.939693 -0.331861
0.667014 3.27362 0.608463 0.0 0.0 -0.0827422 0.939693 -0.331861
0.568331 3.85505 2.27945 0.0 0.0 0.0827422 -0.939693 0.331861
-0.303282 3.27362 0.850385 0.0 0.0 0.0827422 -0.939693 0.331861
0.667014 3.27362 0.608463 0.0 0.0 0.0827422 -0.939693 0.331861
-0.303282 3.27362 0.850385 0.0 0.0 0.0827422 -0.939693 0.331861
0 3 0 0.0 0.0 0.0827422 -0.939693 0.331861
0.667014 3.27362 0.608463 0.0 0.0 0.0827422 -0.939693 0.331861

0 3 0 0.0 0.0 0.10569 0.939693 0.32528
0.243223 3.27362 -0.869469 0.0 0.0 0.10569 0.939693 0.32528
-0.707833 3.27362 -0.560452 0.0 0.0 0.10569 0.939693 0.32528
0.243223 3.27362 -0.869469 0.0 0.0 0.10569 0.939693 0.32528
-0.725953 3.85505 -2.23425 0.0 0.0 0.10569 0.939693 0.32528
-0.707833 3.27362 -0.560452 0.0 0.0 0.10569 0.939693 0.32528
-0.725953 3.85505 -2.23425 0.0 0.0 -0.10569 -0.939693 -0.32528
0.243223 3.27362 -0.869469 0.0 0.0 -0.10569 -0.939693 -0.32528
-0.707833 3.27362 -0.560452 0.0 0.0 -0.10569 -0.939693 -0.32528
0.243223 3.27362 -0.869469 0.0 0.0 -0.10569 -0.939693 -0.32528
0 3 0 0.0 0.0 -0.10569 -0.939693 -0.32528
-0.707833 3.27362 -0.560452 0.0 0.0 -0.10569 -0.939693 -0.32528

-0.0171065 0 -0.0686103 0.0 0.0 0.154511 0 -0.25715
-0.0171065 3 -0.0686103 0.0 0.0 0.154511 0 -0.25715
0.0686103 0 -0.0171065 0.0 0.0 0.154511 0 -0.25715
-0.0171065 3 -0.0686103 0.0 0.0 0.154511 0 -0.25715
0.0686103 3 -0.0171065 0.0 0.0 0.154511 0 -0.25715
0.0686103 0 -0.0171065 0.0 0.0 0.154511 0 -0.25715
0.0686103 0 -0.0171065 0.0 0.0 0.11993 0 0.188724
0.0686103 3 -0.0171065 0.0 0.0 0.11993 0 0.188724
-0.0257519 0 0.0428584 0.0 0.0 0.11993 0 0.188724
0.0686103 3 -0.0171065 0.0 0.0 0.11993 0 0.188724
-0.0257519 3 0.0428584 0.0 0.0 0.11993 0 0.188724
-0.0257519 0 0.0428584 0.0 0.0 0.11993 0 0.188724
-0.0257519 0 0.0428584 0.0 0.0 -0.222937 0 -0.0172909
-0.0257519 3 0.0428584 0.0 0.0 -0.222937 0 -0.0172909
-0.0171065 0 -0.0686103 0.0 0.0 -0.222937 0 -0.0172909
-0.0257519 3 0.0428584 0.0 0.0 -0.222937 0 -0.0172909
-0.0171065 3 -0.0686103 0.0 0.0 -0.222937 0 -0.0172909
-0.0171065 0 -0.0686103 0.0 0.0 -0.222937 0 -0.0172909

0 3 0 0.0 0.0 -0.0827422 0.939693 -0.331861
-0.303282 3.27362 0.850385 0.0 0.0 -0.0827422 0.939693 -0.331861
0.667014 3.27362 0.608463 0.0 0.0 -0.0827422 0.939693 -0.331861
-0.303282 3.27362 0.850385 0.0 0.0 -0.0827422 0.939693 -0.331861
0.568331 3.85505 2.27945 0.0 0.0 -0.0827422 0.939693 -0.331861
0.667014 3.27362 0.608463 0.0 0.0 -0.0827422 0.939693 -0.331861
0.568331 3.85505 2.27945 0.0 0.0 0.0827422 -0.939693 0.331861
-0.303282 3.27362 0.850385 0.0 0.0 0.0827422 -0.939693 0.331861
0.667014 3.27362 0.608463 0.0 0.0 0.0827422 -0.939693 0.331861
-0.303282 3.27362 0.850385 0.0 0.0 0.0827422 -0.939693 0.331861
0 3 0 0.0 0.0 0.0827422 -0.939693 0.331861
0.667014 3.27362 0.608463 0.0 0.0 0.0827422 -0.939693 0.331861

0 3 0 0.0 0.0 0.10569 0.939693 0.32528
0.243223 3.27362 -0.869469 0.0 0.0 0.10569 0.939693 0.32528
-0.707833 3.27362 -0.560452 0.0 0.0 0.10569 0.939693 0.32528
0.243223 3.27362 -0.869469 0.0 0.0 0.10569 0.939693 0.32528
-0.725953 3.85505 -2.23425 0.0 0.0 0.10569 0.939693 0.32528
-0.707833 3.27362 -0.560452 0.0 0.0 0.10569 0.939693 0.32528
-0.725953 3.85505 -2.23425 0.0 0.0 -0.10569 -0.939693 -0.32528
0.243223 3.27362 -0.869469 0.0 0.0 -0.10569 -0.939693 -0.32528
-0.707833 3.27362 -0.560452 0.0 0.0 -0.10569 -0.939693 -0.32528
0.243223 3.27362 -0.869469 0.0 0.0 -0.10569 -0.939693 -0.32528
0 3 0 0.0 0.0 -0.10569 -0.939693 -0.32528
-0.707833 3.27362 -0.560452 0.0 0.0 -0.10569 -0.939693 -0.32528

-0.0171065 0 -0.0686103 0.0 0.0 0.154511 0 -0.25715
-0.0171065 3 -0.0686103 0.0 0.0 0.154511 0 -0.25715
0.0686103 0 -0.0171065 0.0 0.0 0.154511 0 -0.25715
-0.0171065 3 -0.0686103 0.0 0.0 0.154511 0 -0.25715
0.0686103 3 -0.0171065 0.0 0.0 0.154511 0 -0.25715
0.0686103 0 -0.0171065 0.0 0.0 0.154511 0 -0.25715
0.0686103 0 -0.0171065 0.0 0.0 0.11993 0 0.188724
0.0686103 3 -0.0171065 0.0 0.0 0.11993 0 0.188724
-0.0257519 0 0.0428584 0.0 0.0 0.11993 0 0.188724
0.0686103 3 -0.0171065 0.0 0.0 0.11993 0 0.188724
-0.0257519 3 0.0428584 0.0 0.0 0.11993 0 0.188724
-0.0257519 0 0.0428584 0.0 0.0 0.11993 0 0.188724
-0.0257519 0 0.0428584 0.0 0.0 -0.222937 0 -0.0172909
-0.0257519 3 0.0428584 0.0 0.0 -0.222937 0 -0.0172909
-0.0171065 0 -0.0686103 0.0 0.0 -0.222937 0 -0.0172909
-0.0257519 3 0.0428584 0.0 0.0 -0.222937 0 -0.0172909
-0.0171065 3 -0.0686103 0.0 0.0 -0.222937 0 -0.0172909
-0.0171065 0 -0.0686103 0.0 0.0 -0.222937 0 -0.0172909

0 3 0 0.0 0.0 -0.0827422 0.939693 -0.331861
-0.303282 3.27362 0.850385 0.0 0.0 -0.0827422 0.939693 -0.331861
0.667014 3.27362 0.608463 0.0 0.0 -0.0827422 0.939693 -0.331861
-0.303282 3.27362 0.850385 0.0 0.0 -0.0827422 0.939693 -0.331861
0.568331 3.85505 2.27945 0.0 0.0 -0.0827422 0.939693 -0.331861
0.667014 3.27362 0.608463 0.0 0.0 -0.0827422 0.939693 -0.331861
0.568331 3.85505 2.27945 0.0 0.0 0.0827422 -0.939693 0.331861
-0.303282 3.27362 0.850385 0.0 0.0 0.0827422 -0.939693 0.331861
0.667014 3.27362 0.608463 0.0 0.0 0.0827422 -0.939693 0.331861
-0.303282 3.27362 0.850385 0.0 0.0 0.0827422 -0.939693 0.331861
0 3 0 0.0 0.0 0.0827422 -0.939693 0.331861
0.667014 3.27362 0.608463 0.0 0.0 0.0827422 -0.939693 0.331861

0 3 0 0.0 0.0 0.10569 0.939693 0.32528
0.243223 3.27362 -0.869469 0.0 0.0 0.10569 0.939693 0.32528
-0.707833 3.27362 -0.560452 0.0 0.0 0.10569 0.939693 0.32528
0.243223 3.27362 -0.869469 0.0 0.0 0.10569 0.939693 0.32528
-0.725953 3.85505 -2.23425 0.0 0.0 0.10569 0.939693 0.32528
-0.707833 3.27362 -0.560452 0.0 0.0 0.10569 0.939693 0.32528
-0.725953 3.85505 -2.23425 0.0 0.0 -0.10569 -0.939693 -0.32528
0.243223 3.27362 -0.869469 0.0 0.0 -0.10569 -0.939693 -0.32528
-0.707833 3.27362 -0.560452 0.0 0.0 -0.10569 -0.939693 -0.32528
0.243223 3.27362 -0.869469 0.0 0.0 -0.10569 -0.939693 -0.32528
0 3 0 0.0 0.0 -0.10569 -0.939693 -0.32528
-0.707833 3.27362 -0.560452 0.0 0.0 -0.10569 -0.939693 -0.32528

-0.0171065 0 -0.0686103 0.0 0.0 0.154511 0 -0.25715
-0.0171065 3 -0.0686103 0.0 0.0 0.154511 0 -0.25715
0.0686103 0 -0.0171065 0.0 0.0 0.154511 0 -0.25715
-0.0171065 3 -0.0686103 0.0 0.0 0.154511 0 -0.25715
0.0686103 3 -0.0171065 0.0 0.0 0.154511 0 -0.25715
0.0686103 0 -0.0171065 0.0 0.0 0.154511 0 -0.25715
0.0686103 0 -0.0171065 0.0 0.0 0.11993 0 0.188724
0.0686103 3 -0.0171065 0.0 0.0 0.11993 0 0.188724
-0.0257519 0 0.0428584 0.0 0.0 0.11993 0 0.188724
0.0686103 3 -0.0171065 0.0 0.0 0.11993 0 0.188724
-0.0257519 3 0.0428584 0.0 0.0 0.11993 0 0.188724
-0.0257519 0 0.0428584 0.0 0.0 0.11993 0 0.188724
-0.0257519 0 0.0428584 0.0 0.0 -0.222937 0 -0.0172909
-0.0257519 3 0.0428584 0.0 0.0 -0.222937 0 -0.0172909
-0.0171065 0 -0.0686103 0.0 0.0 -0.222937 0 -0.0172909
-0.0257519 3 0.0428584 0.0 0.0 -0.222937 0 -0.0172909
-0.0171065 3 -0.0686103 0.0 0.0 -0.222937 0 -0.0172909
-0.0171065 0 -0.0686103 0.0 0.0 -0.222937 0 -0.0172909

0 3 0 0.0 0.0 -0.0827422 0.939693 -0.331861
-0.303282 3.27362 0.850385 0.0 0.0 -0.0827422 0.939693 -0.331861
0.667014 3.27362 0.608463 0.0 0.0 -0.0827422 0.939693 -0.331861
-0.303282 3.27362 0.850385 0.0 0.0 -0.0827422 0.939693 -0.331861
0.568331 3.85505 2.27945 0.0 0.0 -0.0827422 0.939693 -0.331861
0.667014 3.27362 0.608463 0.0 0.0 -0.0827422 0.939693 -0.331861
0.568331 3.85505 2.27945 0.0 0.0 0.0827422 -0.939693 0.331861
-0.303282 3.27362 0.850385 0.0 0.0 0.0827422 -0.939693 0.331861
0.667014 3.27362 0.608463 0.0 0.0 0.0827422 -0.939693 0.331861
-0.303282 3.27362 0.850385 0.0 0.0 0.0827422 -0.939693 0.331861
0 3 0 0.0 0.0 0.0827422 -0.939693 0.331861
0.667014 3.27362 0.608463 0.0 0.0 0.0827422 -0.939693 0.331861

0 3 0 0.0 0.0 0.10569 0.939693 0.32528
0.243223 3.27362 -0.869469 0.0 0.0 0.10569 0.939693 0.32528
-0.707833 3.27362 -0.560452 0.0 0.0 0.10569 0.939693 0.32528
0.243223 3.27362 -0.869469 0.0 0.0 0.10569 0.939693 0.32528
-0.725953 3.85505 -2.23425 0.0 0.0 0.10569 0.939693 0.32528
-0.707833 3.27362 -0.560452 0.0 0.0 0.10569 0.939693 0.32528
-0.725953 3.85505 -2.23425 0.0 0.0 -0.10569 -0.939693 -0.32528
0.243223 3.27362 -0.869469 0.0 0.0 -0.10569 -0.939693 -0.32528
-0.707833 3.27362 -0.560452 0.0 0.0 -0.10569 -0.939693 -0.32528
0.243223 3.27362 -0.869469 0.0 0.0 -0.10569 -0.939693 -0.32528
0 3 0 0.0 0.0 -0.10569 -0.939693 -0.32528
-0.707833 3.27362 -0.560452 0.0 0.0 -0.10569 -0.939693 -0.32528

